###### Pairwise distances matrix 

GU
	[0, 0, 0, 0, 0, 4, 6, 7, 9, 11, 24, 69, 47, 93, 108, 132, 124, 95, 122, 109]
CG
	[0, 0, 0, 0, 0, 3, 3, 5, 9, 11, 32, 103, 92, 226, 149, 203, 161, 161, 160, 148]
CC
	[0, 0, 0, 0, 1, 0, 1, 0, 6, 4, 6, 20, 32, 36, 44, 71, 73, 66, 64, 52]
GG
	[0, 0, 0, 0, 0, 1, 4, 3, 3, 16, 22, 68, 62, 63, 81, 119, 113, 94, 128, 95]
CU
	[0, 0, 0, 0, 0, 1, 1, 4, 3, 4, 15, 55, 48, 52, 76, 118, 80, 80, 101, 90]
UU
	[0, 0, 0, 0, 0, 0, 2, 0, 3, 1, 13, 20, 14, 17, 35, 42, 22, 16, 29, 24]
AC
	[0, 0, 0, 0, 0, 3, 8, 4, 5, 17, 15, 69, 64, 64, 70, 118, 109, 122, 103, 94]
AG
	[0, 0, 0, 0, 0, 3, 24, 8, 12, 24, 44, 80, 92, 80, 106, 181, 130, 145, 133, 127]
AA
	[0, 0, 0, 0, 0, 1, 3, 1, 1, 2, 11, 24, 32, 38, 27, 32, 38, 47, 44, 39]
AU
	[0, 0, 0, 0, 0, 0, 5, 9, 7, 14, 21, 47, 51, 95, 59, 90, 58, 70, 61, 70]

 ###### Pairwise Frequency matrix: Fobs_ij = N_ij(r) / N_ij, where r is the distance bin 

GU
	[0.0, 0.0, 0.0, 0.0, 0.0, 0.00417, 0.00625, 0.00729, 0.00937, 0.01146, 0.025, 0.07187, 0.04896, 0.09688, 0.1125, 0.1375, 0.12917, 0.09896, 0.12708, 0.11354]
CG
	[0.0, 0.0, 0.0, 0.0, 0.0, 0.00205, 0.00205, 0.00341, 0.00614, 0.0075, 0.02183, 0.07026, 0.06276, 0.15416, 0.10164, 0.13847, 0.10982, 0.10982, 0.10914, 0.10095]
CC
	[0.0, 0.0, 0.0, 0.0, 0.0021, 0.0, 0.0021, 0.0, 0.01261, 0.0084, 0.01261, 0.04202, 0.06723, 0.07563, 0.09244, 0.14916, 0.15336, 0.13866, 0.13445, 0.10924]
GG
	[0.0, 0.0, 0.0, 0.0, 0.0, 0.00115, 0.00459, 0.00344, 0.00344, 0.01835, 0.02523, 0.07798, 0.0711, 0.07225, 0.09289, 0.13647, 0.12959, 0.1078, 0.14679, 0.10894]
CU
	[0.0, 0.0, 0.0, 0.0, 0.0, 0.00137, 0.00137, 0.00549, 0.00412, 0.00549, 0.0206, 0.07555, 0.06593, 0.07143, 0.1044, 0.16209, 0.10989, 0.10989, 0.13874, 0.12363]
UU
	[0.0, 0.0, 0.0, 0.0, 0.0, 0.0, 0.0084, 0.0, 0.01261, 0.0042, 0.05462, 0.08403, 0.05882, 0.07143, 0.14706, 0.17647, 0.09244, 0.06723, 0.12185, 0.10084]
AC
	[0.0, 0.0, 0.0, 0.0, 0.0, 0.00347, 0.00925, 0.00462, 0.00578, 0.01965, 0.01734, 0.07977, 0.07399, 0.07399, 0.08092, 0.13642, 0.12601, 0.14104, 0.11908, 0.10867]
AG
	[0.0, 0.0, 0.0, 0.0, 0.0, 0.00252, 0.02019, 0.00673, 0.01009, 0.02019, 0.03701, 0.06728, 0.07738, 0.06728, 0.08915, 0.15223, 0.10934, 0.12195, 0.11186, 0.10681]
AA
	[0.0, 0.0, 0.0, 0.0, 0.0, 0.00294, 0.00882, 0.00294, 0.00294, 0.00588, 0.03235, 0.07059, 0.09412, 0.11176, 0.07941, 0.09412, 0.11176, 0.13824, 0.12941, 0.11471]
AU
	[0.0, 0.0, 0.0, 0.0, 0.0, 0.0, 0.00761, 0.0137, 0.01065, 0.02131, 0.03196, 0.07154, 0.07763, 0.1446, 0.0898, 0.13699, 0.08828, 0.10654, 0.09285, 0.10654]

 ###### Overall Frequency matrix: Fref_XX = N_XX(r) / N_XX, where X is any base (A, C, G or U) 

[0.0, 0.0, 0.0, 0.0, 0.0, 0.0, 0.00064, 0.00116, 0.0009, 0.0018, 0.0027, 0.00603, 0.00655, 0.01219, 0.00757, 0.01155, 0.00744, 0.00898, 0.00783, 0.00898]

 ###### Pairwise Score matrix: u_ij = - log (Fobs_ij(r) / Fref_ij(r) 

GU
	[10, 10, 10, 10, 10, 10, -2.27611, -1.84248, -2.34511, -1.85263, -2.22732, -2.47775, -2.01211, -2.07251, -2.69838, -2.47678, -2.85363, -2.39917, -2.78694, -2.53664]
CG
	[10, 10, 10, 10, 10, 10, -1.15961, -1.08264, -1.92175, -1.42927, -2.09165, -2.45501, -2.26039, -2.53709, -2.59684, -2.48383, -2.69139, -2.50334, -2.63473, -2.41915]
CC
	[10, 10, 10, 10, 10, 10, -1.18587, 10, -2.64116, -1.54254, -1.54254, -1.94089, -2.32922, -1.82495, -2.50196, -2.55818, -3.02532, -2.73647, -2.84332, -2.49806]
GG
	[10, 10, 10, 10, 10, 10, -1.96679, -1.09132, -1.34264, -2.32347, -2.23646, -2.5593, -2.38524, -1.77919, -2.50685, -2.46925, -2.85688, -2.48473, -2.93109, -2.49532]
CU
	[10, 10, 10, 10, 10, 10, -0.76099, -1.55949, -1.52313, -1.11766, -2.03395, -2.52761, -2.3098, -1.76779, -2.62362, -2.6413, -2.69201, -2.50395, -2.87467, -2.62174]
UU
	[10, 10, 10, 10, 10, 10, -2.57216, 10, -2.64116, -0.8494, -3.00888, -2.63404, -2.19569, -1.76779, -2.96626, -2.72631, -2.51905, -2.01255, -2.74488, -2.41801]
AC
	[10, 10, 10, 10, 10, 10, -2.668, -1.38706, -1.86152, -2.39215, -1.86152, -2.58195, -2.42505, -1.803, -2.36895, -2.46887, -2.8289, -2.75352, -2.72185, -2.49279]
AG
	[10, 10, 10, 10, 10, 10, -3.44847, -1.76207, -2.41885, -2.41885, -2.61952, -2.41174, -2.46982, -1.70801, -2.46576, -2.57854, -2.68695, -2.6081, -2.65933, -2.47555]
AA
	[10, 10, 10, 10, 10, 10, -2.62095, -0.93455, -1.18587, -1.18587, -2.48515, -2.45969, -2.66569, -2.21549, -2.35008, -2.09771, -2.70892, -2.73343, -2.80509, -2.54685]
AU
	[10, 10, 10, 10, 10, 10, -2.47304, -2.47304, -2.47304, -2.47304, -2.47304, -2.47304, -2.47304, -2.47304, -2.47304, -2.47304, -2.47304, -2.47304, -2.47304, -2.47304]

 ###### Time spent: 0.218 seconds
